nxlone1 = 128
nxlone2 = 48
nxlone3 = 48

xprobminx1 = 0.17
xprobminx2 = 0.0
xprobminx3 = 0.0

xprobmax1 = 8.1117280833
xprobmax2 = 3.1415926536
xprobmax3 = 6.2831853072

hslope = 1.0
